0 0 
0.001 0.00329965 
0.002 0.00656815 
0.003 0.00980566 
0.004 0.0130124 
0.005 0.0161884 
0.006 0.019334 
0.007 0.0224492 
0.008 0.0255343 
0.009 0.0285895 
0.01 0.0316148 
0.011 0.0346105 
0.012 0.0375767 
0.013 0.0405136 
0.014 0.0434213 
0.015 0.0463001 
0.016 0.04915 
0.017 0.0519713 
0.018 0.054764 
0.019 0.0575285 
0.02 0.0602647 
0.021 0.062973 
0.022 0.0656534 
0.023 0.0683061 
0.024 0.0709312 
0.025 0.073529 
0.026 0.0760996 
0.027 0.0786431 
0.028 0.0811597 
0.029 0.0836496 
0.03 0.0861128 
0.031 0.0885497 
0.032 0.0909602 
0.033 0.0933447 
0.034 0.0957031 
0.035 0.0980358 
0.036 0.100343 
0.037 0.102624 
0.038 0.10488 
0.039 0.107111 
0.04 0.109317 
0.041 0.111498 
0.042 0.113654 
0.043 0.115786 
0.044 0.117893 
0.045 0.119976 
0.046 0.122035 
0.047 0.124069 
0.048 0.12608 
0.049 0.128067 
0.05 0.130031 
0.051 0.131971 
0.052 0.133888 
0.053 0.135782 
0.054 0.137652 
0.055 0.1395 
0.056 0.141325 
0.057 0.143128 
0.058 0.144908 
0.059 0.146666 
0.06 0.148402 
0.061 0.150116 
0.062 0.151808 
0.063 0.153478 
0.064 0.155127 
0.065 0.156754 
0.066 0.15836 
0.067 0.159945 
0.068 0.161509 
0.069 0.163052 
0.07 0.164574 
0.071 0.166076 
0.072 0.167557 
0.073 0.169017 
0.074 0.170458 
0.075 0.171878 
0.076 0.173279 
0.077 0.17466 
0.078 0.176021 
0.079 0.177362 
0.08 0.178684 
0.081 0.179987 
0.082 0.181271 
0.083 0.182536 
0.084 0.183781 
0.085 0.185009 
0.086 0.186217 
0.087 0.187407 
0.088 0.188578 
0.089 0.189732 
0.09 0.190867 
0.091 0.191984 
0.092 0.193083 
0.093 0.194165 
0.094 0.195229 
0.095 0.196275 
0.096 0.197304 
0.097 0.198316 
0.098 0.199311 
0.099 0.200288 
0.1 0.201249 
0.101 0.202193 
0.102 0.203121 
0.103 0.204031 
0.104 0.204926 
0.105 0.205804 
0.106 0.206666 
0.107 0.207512 
0.108 0.208342 
0.109 0.209156 
0.11 0.209955 
0.111 0.210738 
0.112 0.211505 
0.113 0.212257 
0.114 0.212994 
0.115 0.213716 
0.116 0.214423 
0.117 0.215115 
0.118 0.215792 
0.119 0.216454 
0.12 0.217102 
0.121 0.217735 
0.122 0.218354 
0.123 0.218959 
0.124 0.21955 
0.125 0.220127 
0.126 0.220689 
0.127 0.221238 
0.128 0.221774 
0.129 0.222296 
0.13 0.222804 
0.131 0.223299 
0.132 0.223781 
0.133 0.224249 
0.134 0.224705 
0.135 0.225147 
0.136 0.225577 
0.137 0.225994 
0.138 0.226398 
0.139 0.22679 
0.14 0.227169 
0.141 0.227536 
0.142 0.227891 
0.143 0.228234 
0.144 0.228565 
0.145 0.228883 
0.146 0.22919 
0.147 0.229486 
0.148 0.229769 
0.149 0.230041 
0.15 0.230302 
0.151 0.230551 
0.152 0.230789 
0.153 0.231016 
0.154 0.231232 
0.155 0.231437 
0.156 0.231631 
0.157 0.231814 
0.158 0.231987 
0.159 0.232149 
0.16 0.2323 
0.161 0.232442 
0.162 0.232573 
0.163 0.232693 
0.164 0.232804 
0.165 0.232904 
0.166 0.232995 
0.167 0.233075 
0.168 0.233146 
0.169 0.233208 
0.17 0.233259 
0.171 0.233301 
0.172 0.233334 
0.173 0.233358 
0.174 0.233372 
0.175 0.233377 
0.176 0.233373 
0.177 0.23336 
0.178 0.233338 
0.179 0.233307 
0.18 0.233268 
0.181 0.233219 
0.182 0.233163 
0.183 0.233098 
0.184 0.233024 
0.185 0.232942 
0.186 0.232852 
0.187 0.232754 
0.188 0.232647 
0.189 0.232533 
0.19 0.23241 
0.191 0.23228 
0.192 0.232142 
0.193 0.231997 
0.194 0.231843 
0.195 0.231682 
0.196 0.231514 
0.197 0.231338 
0.198 0.231155 
0.199 0.230965 
0.2 0.230768 
0.201 0.230563 
0.202 0.230352 
0.203 0.230133 
0.204 0.229908 
0.205 0.229676 
0.206 0.229437 
0.207 0.229191 
0.208 0.228939 
0.209 0.22868 
0.21 0.228415 
0.211 0.228144 
0.212 0.227866 
0.213 0.227582 
0.214 0.227292 
0.215 0.226995 
0.216 0.226693 
0.217 0.226384 
0.218 0.22607 
0.219 0.22575 
0.22 0.225424 
0.221 0.225092 
0.222 0.224755 
0.223 0.224412 
0.224 0.224064 
0.225 0.22371 
0.226 0.223351 
0.227 0.222986 
0.228 0.222616 
0.229 0.222241 
0.23 0.221861 
0.231 0.221476 
0.232 0.221085 
0.233 0.22069 
0.234 0.22029 
0.235 0.219885 
0.236 0.219475 
0.237 0.21906 
0.238 0.218641 
0.239 0.218217 
0.24 0.217788 
0.241 0.217355 
0.242 0.216918 
0.243 0.216476 
0.244 0.21603 
0.245 0.215579 
0.246 0.215124 
0.247 0.214666 
0.248 0.214202 
0.249 0.213735 
0.25 0.213264 
0.251 0.212789 
0.252 0.21231 
0.253 0.211827 
0.254 0.21134 
0.255 0.21085 
0.256 0.210355 
0.257 0.209858 
0.258 0.209356 
0.259 0.208851 
0.26 0.208342 
0.261 0.20783 
0.262 0.207315 
0.263 0.206796 
0.264 0.206273 
0.265 0.205748 
0.266 0.205219 
0.267 0.204687 
0.268 0.204152 
0.269 0.203614 
0.27 0.203072 
0.271 0.202528 
0.272 0.201981 
0.273 0.201431 
0.274 0.200877 
0.275 0.200321 
0.276 0.199763 
0.277 0.199201 
0.278 0.198637 
0.279 0.19807 
0.28 0.1975 
0.281 0.196928 
0.282 0.196353 
0.283 0.195776 
0.284 0.195196 
0.285 0.194614 
0.286 0.19403 
0.287 0.193443 
0.288 0.192853 
0.289 0.192262 
0.29 0.191668 
0.291 0.191072 
0.292 0.190473 
0.293 0.189873 
0.294 0.18927 
0.295 0.188666 
0.296 0.188059 
0.297 0.18745 
0.298 0.18684 
0.299 0.186227 
0.3 0.185612 
0.301 0.184996 
0.302 0.184378 
0.303 0.183758 
0.304 0.183136 
0.305 0.182512 
0.306 0.181887 
0.307 0.18126 
0.308 0.180631 
0.309 0.18 
0.31 0.179368 
0.311 0.178735 
0.312 0.1781 
0.313 0.177463 
0.314 0.176825 
0.315 0.176185 
0.316 0.175544 
0.317 0.174902 
0.318 0.174258 
0.319 0.173613 
0.32 0.172966 
0.321 0.172319 
0.322 0.17167 
0.323 0.171019 
0.324 0.170368 
0.325 0.169715 
0.326 0.169061 
0.327 0.168406 
0.328 0.167749 
0.329 0.167092 
0.33 0.166433 
0.331 0.165774 
0.332 0.165113 
0.333 0.164452 
0.334 0.163789 
0.335 0.163125 
0.336 0.162461 
0.337 0.161795 
0.338 0.161129 
0.339 0.160461 
0.34 0.159793 
0.341 0.159124 
0.342 0.158454 
0.343 0.157783 
0.344 0.157112 
0.345 0.156439 
0.346 0.155766 
0.347 0.155092 
0.348 0.154417 
0.349 0.153742 
0.35 0.153066 
0.351 0.152389 
0.352 0.151712 
0.353 0.151033 
0.354 0.150355 
0.355 0.149675 
0.356 0.148995 
0.357 0.148315 
0.358 0.147633 
0.359 0.146952 
0.36 0.146269 
0.361 0.145586 
0.362 0.144903 
0.363 0.144219 
0.364 0.143535 
0.365 0.14285 
0.366 0.142164 
0.367 0.141479 
0.368 0.140792 
0.369 0.140105 
0.37 0.139418 
0.371 0.138731 
0.372 0.138043 
0.373 0.137354 
0.374 0.136665 
0.375 0.135976 
0.376 0.135287 
0.377 0.134597 
0.378 0.133906 
0.379 0.133216 
0.38 0.132525 
0.381 0.131834 
0.382 0.131142 
0.383 0.13045 
0.384 0.129758 
0.385 0.129065 
0.386 0.128373 
0.387 0.12768 
0.388 0.126986 
0.389 0.126293 
0.39 0.125599 
0.391 0.124905 
0.392 0.12421 
0.393 0.123516 
0.394 0.122821 
0.395 0.122126 
0.396 0.121431 
0.397 0.120735 
0.398 0.12004 
0.399 0.119344 
0.4 0.118648 
0.401 0.117952 
0.402 0.117255 
0.403 0.116559 
0.404 0.115862 
0.405 0.115165 
0.406 0.114468 
0.407 0.113771 
0.408 0.113074 
0.409 0.112376 
0.41 0.111678 
0.411 0.110981 
0.412 0.110283 
0.413 0.109584 
0.414 0.108886 
0.415 0.108188 
0.416 0.107489 
0.417 0.106791 
0.418 0.106092 
0.419 0.105393 
0.42 0.104694 
0.421 0.103995 
0.422 0.103296 
0.423 0.102597 
0.424 0.101897 
0.425 0.101198 
0.426 0.100498 
0.427 0.0997984 
0.428 0.0990986 
0.429 0.0983987 
0.43 0.0976987 
0.431 0.0969986 
0.432 0.0962984 
0.433 0.0955981 
0.434 0.0948978 
0.435 0.0941974 
0.436 0.0934968 
0.437 0.0927962 
0.438 0.0920956 
0.439 0.0913948 
0.44 0.090694 
0.441 0.089993 
0.442 0.0892921 
0.443 0.088591 
0.444 0.0878899 
0.445 0.0871887 
0.446 0.0864874 
0.447 0.085786 
0.448 0.0850846 
0.449 0.0843831 
0.45 0.0836816 
0.451 0.0829799 
0.452 0.0822783 
0.453 0.0815765 
0.454 0.0808747 
0.455 0.0801728 
0.456 0.0794709 
0.457 0.0787689 
0.458 0.0780668 
0.459 0.0773647 
0.46 0.0766626 
0.461 0.0759603 
0.462 0.0752581 
0.463 0.0745557 
0.464 0.0738533 
0.465 0.0731509 
0.466 0.0724484 
0.467 0.0717459 
0.468 0.0710433 
0.469 0.0703406 
0.47 0.0696379 
0.471 0.0689352 
0.472 0.0682324 
0.473 0.0675296 
0.474 0.0668267 
0.475 0.0661238 
0.476 0.0654209 
0.477 0.0647179 
0.478 0.0640149 
0.479 0.0633119 
0.48 0.0626088 
0.481 0.0619057 
0.482 0.0612025 
0.483 0.0604993 
0.484 0.0597961 
0.485 0.0590929 
0.486 0.0583897 
0.487 0.0576864 
0.488 0.0569831 
0.489 0.0562798 
0.49 0.0555765 
0.491 0.0548732 
0.492 0.0541698 
0.493 0.0534665 
0.494 0.0527631 
0.495 0.0520598 
0.496 0.0513564 
0.497 0.0506531 
0.498 0.0499498 
0.499 0.0492464 
0.5 0.0485431 
0.501 0.0478398 
0.502 0.0471365 
0.503 0.0464333 
0.504 0.04573 
0.505 0.0450268 
0.506 0.0443237 
0.507 0.0436205 
0.508 0.0429174 
0.509 0.0422144 
0.51 0.0415114 
0.511 0.0408084 
0.512 0.0401055 
0.513 0.0394027 
0.514 0.0386999 
0.515 0.0379972 
0.516 0.0372945 
0.517 0.036592 
0.518 0.0358895 
0.519 0.0351871 
0.52 0.0344848 
0.521 0.0337826 
0.522 0.0330805 
0.523 0.0323785 
0.524 0.0316767 
0.525 0.0309749 
0.526 0.0302733 
0.527 0.0295718 
0.528 0.0288704 
0.529 0.0281692 
0.53 0.0274681 
0.531 0.0267672 
0.532 0.0260664 
0.533 0.0253658 
0.534 0.0246654 
0.535 0.0239652 
0.536 0.0232651 
0.537 0.0225652 
0.538 0.0218656 
0.539 0.0211661 
0.54 0.0204669 
0.541 0.0197679 
0.542 0.0190691 
0.543 0.0183705 
0.544 0.0176722 
0.545 0.0169742 
0.546 0.0162764 
0.547 0.0155789 
0.548 0.0148816 
0.549 0.0141847 
0.55 0.013488 
0.551 0.0127917 
0.552 0.0120956 
0.553 0.0113999 
0.554 0.0107045 
0.555 0.0100095 
0.556 0.00931474 
0.557 0.00862039 
0.558 0.0079264 
0.559 0.00723279 
0.56 0.00653957 
0.561 0.00584674 
0.562 0.00515431 
0.563 0.0044623 
0.564 0.00377072 
0.565 0.00307957 
0.566 0.00238887 
0.567 0.00169862 
0.568 0.00100884 
0.569 0.000319544 
0.57 -0.000369267 
0.571 -0.00105758 
0.572 -0.00174538 
0.573 -0.00243265 
0.574 -0.0031194 
0.575 -0.0038056 
0.576 -0.00449124 
0.577 -0.00517631 
0.578 -0.00586081 
0.579 -0.00654471 
0.58 -0.007228 
0.581 -0.00791068 
0.582 -0.00859273 
0.583 -0.00927414 
0.584 -0.0099549 
0.585 -0.010635 
0.586 -0.0113144 
0.587 -0.0119931 
0.588 -0.0126711 
0.589 -0.0133484 
0.59 -0.014025 
0.591 -0.0147008 
0.592 -0.0153759 
0.593 -0.0160501 
0.594 -0.0167236 
0.595 -0.0173964 
0.596 -0.0180682 
0.597 -0.0187393 
0.598 -0.0194095 
0.599 -0.0200789 
0.6 -0.0207474 
0.601 -0.021415 
0.602 -0.0220817 
0.603 -0.0227475 
0.604 -0.0234124 
0.605 -0.0240763 
0.606 -0.0247393 
0.607 -0.0254013 
0.608 -0.0260623 
0.609 -0.0267223 
0.61 -0.0273812 
0.611 -0.0280392 
0.612 -0.0286961 
0.613 -0.0293519 
0.614 -0.0300067 
0.615 -0.0306603 
0.616 -0.0313129 
0.617 -0.0319643 
0.618 -0.0326145 
0.619 -0.0332636 
0.62 -0.0339115 
0.621 -0.0345583 
0.622 -0.0352038 
0.623 -0.0358481 
0.624 -0.0364911 
0.625 -0.0371329 
0.626 -0.0377734 
0.627 -0.0384126 
0.628 -0.0390505 
0.629 -0.039687 
0.63 -0.0403222 
0.631 -0.0409561 
0.632 -0.0415885 
0.633 -0.0422196 
0.634 -0.0428492 
0.635 -0.0434774 
0.636 -0.0441042 
0.637 -0.0447295 
0.638 -0.0453532 
0.639 -0.0459755 
0.64 -0.0465963 
0.641 -0.0472155 
0.642 -0.0478331 
0.643 -0.0484492 
0.644 -0.0490636 
0.645 -0.0496765 
0.646 -0.0502877 
0.647 -0.0508972 
0.648 -0.0515051 
0.649 -0.0521113 
0.65 -0.0527158 
0.651 -0.0533185 
0.652 -0.0539195 
0.653 -0.0545187 
0.654 -0.0551161 
0.655 -0.0557117 
0.656 -0.0563055 
0.657 -0.0568975 
0.658 -0.0574875 
0.659 -0.0580757 
0.66 -0.058662 
0.661 -0.0592463 
0.662 -0.0598287 
0.663 -0.0604091 
0.664 -0.0609876 
0.665 -0.061564 
0.666 -0.0621384 
0.667 -0.0627108 
0.668 -0.0632811 
0.669 -0.0638493 
0.67 -0.0644154 
0.671 -0.0649793 
0.672 -0.0655412 
0.673 -0.0661008 
0.674 -0.0666583 
0.675 -0.0672135 
0.676 -0.0677665 
0.677 -0.0683173 
0.678 -0.0688658 
0.679 -0.0694119 
0.68 -0.0699558 
0.681 -0.0704973 
0.682 -0.0710365 
0.683 -0.0715733 
0.684 -0.0721077 
0.685 -0.0726397 
0.686 -0.0731692 
0.687 -0.0736962 
0.688 -0.0742208 
0.689 -0.0747429 
0.69 -0.0752624 
0.691 -0.0757794 
0.692 -0.0762938 
0.693 -0.0768056 
0.694 -0.0773148 
0.695 -0.0778214 
0.696 -0.0783253 
0.697 -0.0788265 
0.698 -0.079325 
0.699 -0.0798208 
0.7 -0.0803138 
0.701 -0.0808041 
0.702 -0.0812916 
0.703 -0.0817762 
0.704 -0.0822581 
0.705 -0.082737 
0.706 -0.0832131 
0.707 -0.0836863 
0.708 -0.0841565 
0.709 -0.0846238 
0.71 -0.0850882 
0.711 -0.0855495 
0.712 -0.0860079 
0.713 -0.0864631 
0.714 -0.0869154 
0.715 -0.0873645 
0.716 -0.0878105 
0.717 -0.0882535 
0.718 -0.0886932 
0.719 -0.0891298 
0.72 -0.0895632 
0.721 -0.0899933 
0.722 -0.0904203 
0.723 -0.0908439 
0.724 -0.0912643 
0.725 -0.0916813 
0.726 -0.0920951 
0.727 -0.0925054 
0.728 -0.0929124 
0.729 -0.093316 
0.73 -0.0937162 
0.731 -0.0941129 
0.732 -0.0945061 
0.733 -0.0948958 
0.734 -0.095282 
0.735 -0.0956647 
0.736 -0.0960438 
0.737 -0.0964193 
0.738 -0.0967913 
0.739 -0.0971595 
0.74 -0.0975241 
0.741 -0.0978851 
0.742 -0.0982423 
0.743 -0.0985958 
0.744 -0.0989455 
0.745 -0.0992915 
0.746 -0.0996337 
0.747 -0.099972 
0.748 -0.100307 
0.749 -0.100637 
0.75 -0.100964 
0.751 -0.101287 
0.752 -0.101606 
0.753 -0.101921 
0.754 -0.102232 
0.755 -0.102538 
0.756 -0.102841 
0.757 -0.10314 
0.758 -0.103435 
0.759 -0.103726 
0.76 -0.104012 
0.761 -0.104294 
0.762 -0.104573 
0.763 -0.104847 
0.764 -0.105116 
0.765 -0.105382 
0.766 -0.105643 
0.767 -0.1059 
0.768 -0.106153 
0.769 -0.106401 
0.77 -0.106645 
0.771 -0.106885 
0.772 -0.10712 
0.773 -0.107351 
0.774 -0.107577 
0.775 -0.107799 
0.776 -0.108016 
0.777 -0.108229 
0.778 -0.108437 
0.779 -0.10864 
0.78 -0.10884 
0.781 -0.109034 
0.782 -0.109224 
0.783 -0.109409 
0.784 -0.109589 
0.785 -0.109765 
0.786 -0.109936 
0.787 -0.110102 
0.788 -0.110263 
0.789 -0.11042 
0.79 -0.110571 
0.791 -0.110718 
0.792 -0.11086 
0.793 -0.110997 
0.794 -0.111129 
0.795 -0.111257 
0.796 -0.111379 
0.797 -0.111496 
0.798 -0.111608 
0.799 -0.111715 
0.8 -0.111817 
0.801 -0.111914 
0.802 -0.112006 
0.803 -0.112093 
0.804 -0.112174 
0.805 -0.112251 
0.806 -0.112322 
0.807 -0.112388 
0.808 -0.112448 
0.809 -0.112504 
0.81 -0.112554 
0.811 -0.112598 
0.812 -0.112638 
0.813 -0.112672 
0.814 -0.1127 
0.815 -0.112723 
0.816 -0.112741 
0.817 -0.112753 
0.818 -0.11276 
0.819 -0.112761 
0.82 -0.112757 
0.821 -0.112747 
0.822 -0.112731 
0.823 -0.11271 
0.824 -0.112684 
0.825 -0.112651 
0.826 -0.112613 
0.827 -0.112569 
0.828 -0.11252 
0.829 -0.112465 
0.83 -0.112404 
0.831 -0.112337 
0.832 -0.112264 
0.833 -0.112186 
0.834 -0.112101 
0.835 -0.112011 
0.836 -0.111915 
0.837 -0.111813 
0.838 -0.111705 
0.839 -0.111591 
0.84 -0.111471 
0.841 -0.111345 
0.842 -0.111213 
0.843 -0.111075 
0.844 -0.11093 
0.845 -0.11078 
0.846 -0.110623 
0.847 -0.110461 
0.848 -0.110292 
0.849 -0.110117 
0.85 -0.109935 
0.851 -0.109748 
0.852 -0.109554 
0.853 -0.109354 
0.854 -0.109148 
0.855 -0.108935 
0.856 -0.108716 
0.857 -0.10849 
0.858 -0.108258 
0.859 -0.10802 
0.86 -0.107775 
0.861 -0.107524 
0.862 -0.107266 
0.863 -0.107002 
0.864 -0.106731 
0.865 -0.106453 
0.866 -0.106169 
0.867 -0.105879 
0.868 -0.105581 
0.869 -0.105277 
0.87 -0.104967 
0.871 -0.104649 
0.872 -0.104325 
0.873 -0.103995 
0.874 -0.103657 
0.875 -0.103313 
0.876 -0.102962 
0.877 -0.102604 
0.878 -0.102239 
0.879 -0.101867 
0.88 -0.101489 
0.881 -0.101103 
0.882 -0.100711 
0.883 -0.100312 
0.884 -0.0999053 
0.885 -0.099492 
0.886 -0.0990716 
0.887 -0.0986442 
0.888 -0.0982097 
0.889 -0.0977682 
0.89 -0.0973195 
0.891 -0.0968637 
0.892 -0.0964008 
0.893 -0.0959306 
0.894 -0.0954533 
0.895 -0.0949688 
0.896 -0.094477 
0.897 -0.093978 
0.898 -0.0934717 
0.899 -0.0929581 
0.9 -0.0924372 
0.901 -0.091909 
0.902 -0.0913734 
0.903 -0.0908304 
0.904 -0.09028 
0.905 -0.0897222 
0.906 -0.0891569 
0.907 -0.0885842 
0.908 -0.088004 
0.909 -0.0874163 
0.91 -0.086821 
0.911 -0.0862183 
0.912 -0.0856079 
0.913 -0.08499 
0.914 -0.0843644 
0.915 -0.0837313 
0.916 -0.0830905 
0.917 -0.082442 
0.918 -0.0817858 
0.919 -0.0811219 
0.92 -0.0804503 
0.921 -0.079771 
0.922 -0.0790839 
0.923 -0.078389 
0.924 -0.0776863 
0.925 -0.0769757 
0.926 -0.0762573 
0.927 -0.0755311 
0.928 -0.074797 
0.929 -0.0740549 
0.93 -0.073305 
0.931 -0.0725471 
0.932 -0.0717812 
0.933 -0.0710073 
0.934 -0.0702255 
0.935 -0.0694356 
0.936 -0.0686377 
0.937 -0.0678317 
0.938 -0.0670176 
0.939 -0.0661955 
0.94 -0.0653652 
0.941 -0.0645268 
0.942 -0.0636802 
0.943 -0.0628254 
0.944 -0.0619625 
0.945 -0.0610914 
0.946 -0.060212 
0.947 -0.0593243 
0.948 -0.0584284 
0.949 -0.0575242 
0.95 -0.0566117 
0.951 -0.0556909 
0.952 -0.0547618 
0.953 -0.0538242 
0.954 -0.0528783 
0.955 -0.051924 
0.956 -0.0509613 
0.957 -0.0499901 
0.958 -0.0490105 
0.959 -0.0480224 
0.96 -0.0470259 
0.961 -0.0460208 
0.962 -0.0450072 
0.963 -0.043985 
0.964 -0.0429543 
0.965 -0.041915 
0.966 -0.0408672 
0.967 -0.0398107 
0.968 -0.0387455 
0.969 -0.0376717 
0.97 -0.0365893 
0.971 -0.0354982 
0.972 -0.0343983 
0.973 -0.0332898 
0.974 -0.0321725 
0.975 -0.0310464 
0.976 -0.0299116 
0.977 -0.028768 
0.978 -0.0276156 
0.979 -0.0264543 
0.98 -0.0252842 
0.981 -0.0241053 
0.982 -0.0229175 
0.983 -0.0217208 
0.984 -0.0205152 
0.985 -0.0193006 
0.986 -0.0180771 
0.987 -0.0168447 
0.988 -0.0156033 
0.989 -0.0143529 
0.99 -0.0130934 
0.991 -0.011825 
0.992 -0.0105475 
0.993 -0.00926099 
0.994 -0.00796537 
0.995 -0.00666067 
0.996 -0.00534686 
0.997 -0.00402392 
0.998 -0.00269185 
0.999 -0.00135062 
1 -2.23695e-007 
