0 0 -0.078 6 30 
0.02 0.00291707 -0.0779756 5.79296 30.1183 
0.04 0.00578198 -0.0778934 5.58767 30.2324 
0.06 0.00859459 -0.0777542 5.38424 30.3425 
0.08 0.0113548 -0.0775593 5.18276 30.4485 
0.1 0.0140625 -0.0773096 4.98333 30.5505 
0.12 0.0167176 -0.0770061 4.78604 30.6485 
0.14 0.01932 -0.0766501 4.591 30.7426 
0.16 0.0218698 -0.0762423 4.39827 30.8328 
0.18 0.0243669 -0.0757841 4.20797 30.9192 
0.2 0.0268114 -0.0752763 4.02015 31.0018 
0.22 0.0292033 -0.0747201 3.83491 31.0806 
0.24 0.0315426 -0.0741165 3.65233 31.1558 
0.26 0.0338294 -0.0734665 3.47247 31.2273 
0.28 0.0360638 -0.0727713 3.29541 31.2953 
0.3 0.0382459 -0.0720318 3.12122 31.3598 
0.32 0.0403759 -0.071249 2.94996 31.4208 
0.34 0.0424539 -0.0704242 2.78171 31.4784 
0.36 0.0444801 -0.0695581 2.61651 31.5326 
0.38 0.0464546 -0.068652 2.45444 31.5836 
0.4 0.0483777 -0.0677069 2.29553 31.6313 
0.42 0.0502496 -0.0667236 2.13986 31.676 
0.44 0.0520705 -0.0657034 1.98747 31.7175 
0.46 0.0538406 -0.0646472 1.83841 31.756 
0.48 0.0555603 -0.063556 1.69272 31.7915 
0.5 0.0572298 -0.0624308 1.55044 31.8242 
0.52 0.0588494 -0.0612727 1.41163 31.854 
0.54 0.0604194 -0.0600826 1.27632 31.8812 
0.56 0.0619401 -0.0588615 1.14454 31.9056 
0.58 0.0634119 -0.0576104 1.01632 31.9274 
0.6 0.0648351 -0.0563302 0.891714 31.9467 
0.62 0.0662101 -0.055022 0.770735 31.9635 
0.64 0.0675373 -0.0536867 0.653413 31.9779 
0.66 0.0688169 -0.0523252 0.539775 31.9901 
0.68 0.0700495 -0.0509386 0.429843 31.9999 
0.7 0.0712355 -0.0495276 0.32364 32.0076 
0.72 0.0723751 -0.0480934 0.221182 32.0133 
0.74 0.073469 -0.0466367 0.122489 32.0168 
0.76 0.0745175 -0.0451586 0.0275743 32.0185 
0.78 0.075521 -0.0436598 -0.0635489 32.0183 
0.8 0.07648 -0.0421413 -0.150869 32.0163 
0.82 0.0773951 -0.0406041 -0.234378 32.0126 
0.84 0.0782665 -0.0390489 -0.314068 32.0072 
0.86 0.0790949 -0.0374766 -0.389933 32.0003 
0.88 0.0798807 -0.0358881 -0.46197 31.9919 
0.9 0.0806244 -0.0342842 -0.530177 31.9821 
0.92 0.0813266 -0.0326659 -0.594554 31.9709 
0.94 0.0819876 -0.0310338 -0.655102 31.9585 
0.96 0.0826081 -0.0293888 -0.711826 31.945 
0.98 0.0831885 -0.0277318 -0.764729 31.9303 
1 0.0837294 -0.0260634 -0.813818 31.9146 
1.02 0.0842313 -0.0243846 -0.859101 31.8979 
1.04 0.0846948 -0.0226961 -0.900588 31.8804 
1.06 0.0851204 -0.0209986 -0.93829 31.8621 
1.08 0.0855085 -0.0192929 -0.97222 31.843 
1.1 0.0858599 -0.0175798 -1.00239 31.8233 
1.12 0.086175 -0.0158599 -1.02882 31.803 
1.14 0.0864544 -0.0141341 -1.05152 31.7823 
1.16 0.0866986 -0.0124029 -1.07051 31.7611 
1.18 0.0869082 -0.0106672 -1.08582 31.7395 
1.2 0.0870839 -0.0089275 -1.09745 31.7177 
1.22 0.087226 -0.00718461 -1.10544 31.6957 
1.24 0.0873353 -0.00543914 -1.10981 31.6735 
1.26 0.0874122 -0.00369176 -1.11057 31.6513 
1.28 0.0874574 -0.0019431 -1.10776 31.6292 
1.3 0.0874715 -0.000193806 -1.10141 31.607 
1.32 0.0874549 0.00155552 -1.09153 31.5851 
1.34 0.0874084 0.00330426 -1.07817 31.5634 
1.36 0.0873323 0.00505183 -1.06134 31.5419 
1.38 0.0872274 0.00679763 -1.04108 31.5209 
1.4 0.0870943 0.0085411 -1.01742 31.5003 
1.42 0.0869334 0.0102817 -0.990387 31.4801 
1.44 0.0867453 0.0120188 -0.960025 31.4606 
1.46 0.0865308 0.0137519 -0.926362 31.4416 
1.48 0.0862902 0.0154806 -0.889433 31.4234 
1.5 0.0860242 0.0172042 -0.849274 31.406 
1.52 0.0857333 0.0189223 -0.805923 31.3893 
1.54 0.0854182 0.0206344 -0.759415 31.3736 
1.56 0.0850794 0.0223399 -0.709788 31.3588 
1.58 0.0847175 0.0240385 -0.657082 31.3451 
1.6 0.0843329 0.0257297 -0.601335 31.3324 
1.62 0.0839264 0.027413 -0.542588 31.3209 
1.64 0.0834984 0.029088 -0.48088 31.3105 
1.66 0.0830496 0.0307542 -0.416252 31.3014 
1.68 0.0825804 0.0324113 -0.348746 31.2937 
1.7 0.0820914 0.0340589 -0.278404 31.2873 
1.72 0.0815832 0.0356965 -0.205269 31.2823 
1.74 0.0810563 0.0373238 -0.129382 31.2788 
1.76 0.0805112 0.0389404 -0.0507885 31.2769 
1.78 0.0799486 0.0405459 0.030469 31.2766 
1.8 0.0793688 0.0421401 0.114346 31.2779 
1.82 0.0787726 0.0437225 0.200799 31.2809 
1.84 0.0781603 0.0452929 0.289782 31.2856 
1.86 0.0775326 0.0468509 0.38125 31.2922 
1.88 0.0768898 0.0483962 0.475159 31.3006 
1.9 0.0762327 0.0499285 0.571462 31.3109 
1.92 0.0755615 0.0514476 0.670113 31.3231 
1.94 0.074877 0.0529532 0.771068 31.3374 
1.96 0.0741795 0.0544449 0.874278 31.3537 
1.98 0.0734696 0.0559226 0.979699 31.372 
2 0.0727477 0.057386 1.08728 31.3925 
2.02 0.0720144 0.0588348 1.19698 31.4152 
2.04 0.0712701 0.0602689 1.30876 31.44 
2.06 0.0705152 0.0616881 1.42255 31.4672 
2.08 0.0697504 0.063092 1.53832 31.4966 
2.1 0.068976 0.0644806 1.65602 31.5283 
2.12 0.0681925 0.0658536 1.77561 31.5624 
2.14 0.0674003 0.0672108 1.89702 31.599 
2.16 0.0666 0.0685522 2.02023 31.6379 
2.18 0.0657919 0.0698775 2.14518 31.6794 
2.2 0.0649764 0.0711865 2.27183 31.7233 
2.22 0.0641541 0.0724792 2.40012 31.7698 
2.24 0.0633253 0.0737554 2.53001 31.8189 
2.26 0.0624905 0.0750149 2.66146 31.8706 
2.28 0.0616501 0.0762577 2.79442 31.9249 
2.3 0.0608044 0.0774837 2.92884 31.9819 
2.32 0.059954 0.0786927 3.06468 32.0417 
2.34 0.0590991 0.0798847 3.20189 32.1041 
2.36 0.0582402 0.0810595 3.34042 32.1693 
2.38 0.0573776 0.0822171 3.48023 32.2373 
2.4 0.0565118 0.0833575 3.62127 32.308 
2.42 0.0556431 0.0844805 3.76351 32.3816 
2.44 0.0547719 0.0855861 3.90688 32.4581 
2.46 0.0538985 0.0866743 4.05136 32.5374 
2.48 0.0530233 0.0877449 4.19689 32.6197 
2.5 0.0521466 0.0887981 4.34342 32.7048 
2.52 0.0512688 0.0898337 4.49093 32.7929 
2.54 0.0503902 0.0908518 4.63936 32.884 
2.56 0.0495112 0.0918523 4.78867 32.978 
2.58 0.048632 0.0928352 4.93881 33.075 
2.6 0.047753 0.0938005 5.08975 33.1751 
2.62 0.0468745 0.0947482 5.24144 33.2781 
2.64 0.0459968 0.0956784 5.39384 33.3842 
2.66 0.0451201 0.096591 5.54691 33.4934 
2.68 0.0442448 0.0974861 5.70061 33.6056 
2.7 0.0433712 0.0983638 5.85489 33.7209 
2.72 0.0424996 0.0992239 6.00972 33.8393 
2.74 0.0416301 0.100067 6.16505 33.9608 
2.76 0.0407631 0.100892 6.32086 34.0854 
2.78 0.0398989 0.1017 6.47709 34.2131 
2.8 0.0390376 0.102491 6.63371 34.3439 
2.82 0.0381796 0.103265 6.79068 34.4779 
2.84 0.037325 0.104021 6.94796 34.6151 
2.86 0.0364741 0.10476 7.10552 34.7553 
2.88 0.0356272 0.105483 7.26332 34.8987 
2.9 0.0347845 0.106188 7.42132 35.0453 
2.92 0.0339461 0.106877 7.57948 35.1951 
2.94 0.0331123 0.107549 7.73778 35.348 
2.96 0.0322833 0.108204 7.89617 35.5041 
2.98 0.0314593 0.108843 8.05462 35.6633 
3 0.0306404 0.109465 8.2131 35.8257 
3.02 0.029827 0.110072 8.37157 35.9913 
3.04 0.029019 0.110661 8.53 36.1601 
3.06 0.0282168 0.111235 8.68836 36.332 
3.08 0.0274205 0.111793 8.84661 36.5071 
3.1 0.0266302 0.112335 9.00473 36.6853 
3.12 0.0258462 0.112861 9.16267 36.8667 
3.14 0.0250685 0.113371 9.32042 37.0513 
3.16 0.0242973 0.113866 9.47794 37.239 
3.18 0.0235328 0.114346 9.6352 37.4299 
3.2 0.0227751 0.11481 9.79217 37.6239 
3.22 0.0220243 0.115259 9.94883 37.821 
3.24 0.0212805 0.115693 10.1051 38.0213 
3.26 0.0205439 0.116113 10.2611 38.2247 
3.28 0.0198146 0.116518 10.4166 38.4312 
3.3 0.0190926 0.116908 10.5717 38.6409 
3.32 0.0183782 0.117284 10.7264 38.8536 
3.34 0.0176713 0.117646 10.8806 39.0694 
3.36 0.0169722 0.117993 11.0343 39.2883 
3.38 0.0162808 0.118327 11.1874 39.5103 
3.4 0.0155972 0.118647 11.34 39.7353 
3.42 0.0149216 0.118953 11.492 39.9633 
3.44 0.014254 0.119246 11.6435 40.1944 
3.46 0.0135945 0.119525 11.7943 40.4286 
3.48 0.0129432 0.119792 11.9444 40.6657 
3.5 0.0123001 0.120045 12.0939 40.9058 
3.52 0.0116652 0.120286 12.2427 41.149 
3.54 0.0110387 0.120514 12.3908 41.3951 
3.56 0.0104205 0.12073 12.5382 41.6441 
3.58 0.00981071 0.120933 12.6848 41.8961 
3.6 0.0092094 0.121124 12.8307 42.151 
3.62 0.00861658 0.121304 12.9758 42.4088 
3.64 0.00803228 0.121471 13.1201 42.6695 
3.66 0.00745652 0.121627 13.2636 42.9331 
3.68 0.00688934 0.121771 13.4062 43.1996 
3.7 0.00633074 0.121904 13.548 43.4689 
3.72 0.00578075 0.122026 13.6889 43.741 
3.74 0.00523937 0.122138 13.8289 44.016 
3.76 0.00470662 0.122238 13.968 44.2937 
3.78 0.00418251 0.122328 14.1063 44.5742 
3.8 0.00366702 0.122407 14.2435 44.8575 
3.82 0.00316016 0.122476 14.3799 45.1435 
3.84 0.00266193 0.122535 14.5153 45.4322 
3.86 0.00217231 0.122584 14.6497 45.7237 
3.88 0.0016913 0.122624 14.7832 46.0178 
3.9 0.00121887 0.122654 14.9156 46.3145 
3.92 0.000755017 0.122674 15.0471 46.614 
3.94 0.000299707 0.122685 15.1775 46.916 
3.96 -0.000147078 0.122688 15.3069 47.2206 
3.98 -0.000585368 0.122681 15.4353 47.5278 
4 -0.00101519 0.122666 15.5626 47.8376 
4.02 -0.00143658 0.122642 15.6889 48.1499 
4.04 -0.00184958 0.12261 15.8141 48.4647 
4.06 -0.00225421 0.122569 15.9382 48.782 
4.08 -0.00265052 0.122521 16.0613 49.1018 
4.1 -0.00303856 0.122465 16.1833 49.4241 
4.12 -0.00341837 0.122401 16.3042 49.7487 
4.14 -0.00379 0.122329 16.424 50.0758 
4.16 -0.0041535 0.122251 16.5426 50.4053 
4.18 -0.00450892 0.122165 16.6602 50.7371 
4.2 -0.00485632 0.122071 16.7766 51.0713 
4.22 -0.00519575 0.121971 16.892 51.4078 
4.24 -0.00552727 0.121865 17.0061 51.7466 
4.26 -0.00585095 0.121752 17.1192 52.0877 
4.28 -0.00616684 0.121632 17.2311 52.431 
4.3 -0.00647501 0.121506 17.3419 52.7765 
4.32 -0.00677553 0.121374 17.4515 53.1243 
4.34 -0.00706846 0.121236 17.56 53.4742 
4.36 -0.00735388 0.121092 17.6673 53.8263 
4.38 -0.00763186 0.120943 17.7735 54.1805 
4.4 -0.00790246 0.120788 17.8785 54.5369 
4.42 -0.00816577 0.120628 17.9824 54.8953 
4.44 -0.00842186 0.120462 18.0851 55.2558 
4.46 -0.00867081 0.120292 18.1866 55.6184 
4.48 -0.00891269 0.120116 18.287 55.9829 
4.5 -0.00914758 0.119936 18.3862 56.3495 
4.52 -0.00937558 0.119751 18.4843 56.7181 
4.54 -0.00959675 0.119562 18.5812 57.0886 
4.56 -0.00981118 0.119368 18.6769 57.461 
4.58 -0.010019 0.11917 18.7715 57.8353 
4.6 -0.0102202 0.118968 18.8649 58.2115 
4.62 -0.0104149 0.118762 18.9571 58.5896 
4.64 -0.0106032 0.118552 19.0482 58.9695 
4.66 -0.0107853 0.118339 19.1381 59.3512 
4.68 -0.0109611 0.118121 19.2269 59.7347 
4.7 -0.0111307 0.117901 19.3145 60.12 
4.72 -0.0112944 0.117677 19.401 60.507 
4.74 -0.0114521 0.11745 19.4863 60.8957 
4.76 -0.0116039 0.117219 19.5705 61.2861 
4.78 -0.01175 0.116986 19.6535 61.6783 
4.8 -0.0118903 0.11675 19.7354 62.072 
4.82 -0.0120252 0.116511 19.8161 62.4674 
4.84 -0.0121545 0.116269 19.8958 62.8644 
4.86 -0.0122784 0.116025 19.9742 63.2629 
4.88 -0.012397 0.115779 20.0516 63.6631 
4.9 -0.0125104 0.11553 20.1278 64.0647 
4.92 -0.0126187 0.115279 20.203 64.4679 
4.94 -0.012722 0.115025 20.277 64.8726 
4.96 -0.0128204 0.11477 20.3499 65.2788 
4.98 -0.0129139 0.114513 20.4216 65.6863 
5 -0.0130027 0.114254 20.4923 66.0954 
5.02 -0.0130868 0.113993 20.5619 66.5058 
5.04 -0.0131665 0.113731 20.6304 66.9176 
5.06 -0.0132416 0.113467 20.6979 67.3308 
5.08 -0.0133124 0.113201 20.7642 67.7453 
5.1 -0.0133789 0.112935 20.8295 68.1611 
5.12 -0.0134413 0.112667 20.8937 68.5782 
5.14 -0.0134996 0.112397 20.9569 68.9966 
5.16 -0.0135539 0.112127 21.019 69.4163 
5.18 -0.0136043 0.111855 21.08 69.8372 
5.2 -0.0136509 0.111583 21.14 70.2593 
5.22 -0.0136938 0.111309 21.199 70.6826 
5.24 -0.0137331 0.111035 21.2569 71.1071 
5.26 -0.0137689 0.11076 21.3138 71.5327 
5.28 -0.0138013 0.110485 21.3697 71.9594 
5.3 -0.0138303 0.110208 21.4246 72.3873 
5.32 -0.0138561 0.109932 21.4785 72.8162 
5.34 -0.0138787 0.109654 21.5314 73.2462 
5.36 -0.0138983 0.109376 21.5833 73.6773 
5.38 -0.0139148 0.109098 21.6343 74.1094 
5.4 -0.0139285 0.10882 21.6842 74.5425 
5.42 -0.0139394 0.108541 21.7332 74.9766 
5.44 -0.0139476 0.108262 21.7812 75.4116 
5.46 -0.0139532 0.107983 21.8283 75.8477 
5.48 -0.0139562 0.107704 21.8745 76.2846 
5.5 -0.0139567 0.107425 21.9196 76.7225 
5.52 -0.0139549 0.107146 21.9639 77.1612 
5.54 -0.0139508 0.106867 22.0073 77.6009 
5.56 -0.0139445 0.106588 22.0497 78.0414 
5.58 -0.0139361 0.106309 22.0912 78.4827 
5.6 -0.0139256 0.106031 22.1318 78.9249 
5.62 -0.0139132 0.105752 22.1715 79.3678 
5.64 -0.0138989 0.105474 22.2104 79.8116 
5.66 -0.0138828 0.105196 22.2483 80.2561 
5.68 -0.013865 0.104919 22.2854 80.7014 
5.7 -0.0138455 0.104642 22.3217 81.1474 
5.72 -0.0138245 0.104365 22.3571 81.5941 
5.74 -0.0138019 0.104089 22.3916 82.0416 
5.76 -0.013778 0.103813 22.4253 82.4897 
5.78 -0.0137527 0.103537 22.4581 82.9385 
5.8 -0.0137261 0.103263 22.4902 83.3879 
5.82 -0.0136984 0.102988 22.5214 83.838 
5.84 -0.0136695 0.102715 22.5518 84.2886 
5.86 -0.0136395 0.102441 22.5814 84.7399 
5.88 -0.0136086 0.102169 22.6102 85.1918 
5.9 -0.0135767 0.101897 22.6383 85.6442 
5.92 -0.013544 0.101626 22.6655 86.0972 
5.94 -0.0135105 0.101355 22.692 86.5508 
5.96 -0.0134763 0.101085 22.7177 87.0048 
5.98 -0.0134414 0.100816 22.7427 87.4594 
6 -0.0134059 0.100547 22.7669 87.9144 
6.02 -0.0133699 0.10028 22.7904 88.37 
6.04 -0.0133334 0.100013 22.8132 88.826 
6.06 -0.0132965 0.0997462 22.8352 89.2824 
6.08 -0.0132592 0.0994805 22.8565 89.7393 
6.1 -0.0132217 0.0992157 22.8771 90.1966 
6.12 -0.0131839 0.0989516 22.8969 90.6543 
6.14 -0.0131459 0.0986882 22.9161 91.1124 
6.16 -0.0131078 0.0984256 22.9346 91.5709 
6.18 -0.0130696 0.0981638 22.9524 92.0297 
6.2 -0.0130314 0.0979027 22.9696 92.4889 
6.22 -0.0129933 0.0976424 22.9861 92.9484 
6.24 -0.0129552 0.0973829 23.0019 93.4083 
6.26 -0.0129172 0.0971241 23.017 93.8685 
6.28 -0.0128795 0.096866 23.0315 94.3289 
6.3 -0.0128419 0.0966088 23.0454 94.7897 
6.32 -0.0128047 0.0963522 23.0586 95.2507 
6.34 -0.0127677 0.0960965 23.0712 95.712 
6.36 -0.0127311 0.0958414 23.0832 96.1735 
6.38 -0.012695 0.0955871 23.0946 96.6353 
6.4 -0.0126592 0.0953335 23.1053 97.0972 
6.42 -0.012624 0.0950806 23.1155 97.5594 
6.44 -0.0125893 0.0948284 23.125 98.0218 
6.46 -0.0125552 0.0945769 23.134 98.4844 
6.48 -0.0125217 0.0943261 23.1424 98.9471 
6.5 -0.0124888 0.0940759 23.1502 99.4101 
6.52 -0.0124566 0.0938264 23.1574 99.8731 
6.54 -0.0124252 0.0935776 23.1641 100.336 
6.56 -0.0123945 0.0933293 23.1702 100.8 
6.58 -0.0123646 0.0930817 23.1757 101.263 
6.6 -0.0123355 0.0928347 23.1807 101.727 
6.62 -0.0123072 0.0925882 23.1852 102.19 
6.64 -0.0122799 0.0923423 23.1891 102.654 
6.66 -0.0122534 0.0920969 23.1925 103.118 
6.68 -0.012228 0.091852 23.1953 103.582 
6.7 -0.0122034 0.0916077 23.1976 104.046 
6.72 -0.0121799 0.0913638 23.1995 104.51 
6.74 -0.0121574 0.0911204 23.2008 104.974 
6.76 -0.0121359 0.0908775 23.2016 105.438 
6.78 -0.0121155 0.0906349 23.2019 105.902 
6.8 -0.0120962 0.0903928 23.2017 106.366 
6.82 -0.0120781 0.090151 23.201 106.83 
6.84 -0.012061 0.0899096 23.1998 107.294 
6.86 -0.0120452 0.0896685 23.1981 107.758 
6.88 -0.0120305 0.0894277 23.196 108.222 
6.9 -0.012017 0.0891872 23.1934 108.686 
6.92 -0.0120047 0.088947 23.1903 109.149 
6.94 -0.0119936 0.088707 23.1867 109.613 
6.96 -0.0119838 0.0884672 23.1827 110.077 
6.98 -0.0119753 0.0882276 23.1782 110.541 
7 -0.011968 0.0879882 23.1733 111.004 
7.02 -0.0119621 0.0877489 23.1679 111.467 
7.04 -0.0119574 0.0875097 23.1621 111.931 
7.06 -0.0119541 0.0872705 23.1559 112.394 
7.08 -0.0119521 0.0870315 23.1492 112.857 
7.1 -0.0119514 0.0867925 23.142 113.32 
7.12 -0.0119521 0.0865534 23.1345 113.783 
7.14 -0.0119542 0.0863144 23.1265 114.245 
7.16 -0.0119576 0.0860753 23.1181 114.708 
7.18 -0.0119624 0.0858361 23.1092 115.17 
7.2 -0.0119686 0.0855968 23.1 115.632 
7.22 -0.0119762 0.0853573 23.0903 116.094 
7.24 -0.0119851 0.0851178 23.0802 116.556 
7.26 -0.0119955 0.084878 23.0697 117.017 
7.28 -0.0120073 0.084638 23.0588 117.479 
7.3 -0.0120205 0.0843977 23.0475 117.94 
7.32 -0.0120351 0.0841572 23.0358 118.401 
7.34 -0.0120511 0.0839164 23.0237 118.861 
7.36 -0.0120686 0.0836752 23.0112 119.322 
7.38 -0.0120875 0.0834337 22.9984 119.782 
7.4 -0.0121077 0.0831918 22.9851 120.242 
7.42 -0.0121295 0.0829494 22.9714 120.701 
7.44 -0.0121526 0.0827066 22.9574 121.16 
7.46 -0.0121771 0.0824634 22.9429 121.619 
7.48 -0.0122031 0.0822196 22.9281 122.078 
7.5 -0.0122305 0.0819754 22.9129 122.537 
7.52 -0.0122593 0.0817305 22.8973 122.995 
7.54 -0.0122895 0.0814851 22.8814 123.453 
7.56 -0.0123211 0.081239 22.8651 123.91 
7.58 -0.0123542 0.0809923 22.8484 124.367 
7.6 -0.0123886 0.080745 22.8313 124.824 
7.62 -0.0124244 0.0804969 22.8139 125.281 
7.64 -0.0124616 0.0802481 22.796 125.737 
7.66 -0.0125002 0.0799986 22.7779 126.192 
7.68 -0.0125402 0.0797482 22.7593 126.648 
7.7 -0.0125815 0.0794971 22.7404 127.103 
7.72 -0.0126242 0.0792451 22.7212 127.558 
7.74 -0.0126683 0.0789923 22.7015 128.012 
7.76 -0.0127137 0.0787385 22.6816 128.466 
7.78 -0.0127604 0.0784839 22.6612 128.919 
7.8 -0.0128085 0.0782283 22.6405 129.372 
7.82 -0.0128579 0.0779717 22.6194 129.825 
7.84 -0.0129086 0.0777141 22.598 130.277 
7.86 -0.0129606 0.0774555 22.5763 130.729 
7.88 -0.0130139 0.0771958 22.5541 131.18 
7.9 -0.0130685 0.0769351 22.5316 131.631 
7.92 -0.0131244 0.0766733 22.5088 132.081 
7.94 -0.0131815 0.0764103 22.4856 132.531 
7.96 -0.0132399 0.0761462 22.4621 132.981 
7.98 -0.0132995 0.0758809 22.4382 133.43 
8 -0.0133603 0.0756144 22.4139 133.879 
8.02 -0.0134224 0.0753467 22.3893 134.327 
8.04 -0.0134856 0.0750777 22.3644 134.774 
8.06 -0.0135501 0.0748075 22.3391 135.221 
8.08 -0.0136157 0.074536 22.3134 135.668 
8.1 -0.0136825 0.0742631 22.2874 136.114 
8.12 -0.0137505 0.0739889 22.2611 136.559 
8.14 -0.0138195 0.0737133 22.2344 137.004 
8.16 -0.0138897 0.0734363 22.2073 137.449 
8.18 -0.0139611 0.0731579 22.1799 137.893 
8.2 -0.0140335 0.0728781 22.1521 138.336 
8.22 -0.014107 0.0725968 22.124 138.779 
8.24 -0.0141816 0.0723141 22.0956 139.221 
8.26 -0.0142572 0.0720298 22.0668 139.663 
8.28 -0.0143338 0.071744 22.0376 140.104 
8.3 -0.0144115 0.0714567 22.0081 140.545 
8.32 -0.0144902 0.0711678 21.9782 140.984 
8.34 -0.01457 0.0708774 21.948 141.424 
8.36 -0.0146506 0.0705853 21.9174 141.862 
8.38 -0.0147323 0.0702916 21.8865 142.301 
8.4 -0.0148149 0.0699963 21.8552 142.738 
8.42 -0.0148984 0.0696993 21.8236 143.175 
8.44 -0.0149829 0.0694006 21.7916 143.611 
8.46 -0.0150683 0.0691003 21.7592 144.047 
8.48 -0.0151545 0.0687982 21.7265 144.482 
8.5 -0.0152417 0.0684944 21.6935 144.916 
8.52 -0.0153297 0.0681888 21.66 145.349 
8.54 -0.0154185 0.0678815 21.6263 145.782 
8.56 -0.0155082 0.0675724 21.5921 146.215 
8.58 -0.0155986 0.0672615 21.5576 146.646 
8.6 -0.0156899 0.0669487 21.5228 147.077 
8.62 -0.015782 0.0666342 21.4875 147.507 
8.64 -0.0158748 0.0663178 21.452 147.937 
8.66 -0.0159684 0.0659995 21.416 148.365 
8.68 -0.0160627 0.0656793 21.3797 148.793 
8.7 -0.0161578 0.0653573 21.343 149.221 
8.72 -0.0162535 0.0650333 21.306 149.647 
8.74 -0.01635 0.0647075 21.2686 150.073 
8.76 -0.0164471 0.0643797 21.2308 150.498 
8.78 -0.0165449 0.0640499 21.1926 150.922 
8.8 -0.0166433 0.0637182 21.1541 151.346 
8.82 -0.0167423 0.0633845 21.1152 151.769 
8.84 -0.016842 0.0630488 21.0759 152.191 
8.86 -0.0169422 0.0627112 21.0363 152.612 
8.88 -0.0170431 0.0623715 20.9963 153.032 
8.9 -0.0171445 0.0620298 20.9559 153.452 
8.92 -0.0172464 0.061686 20.9151 153.871 
8.94 -0.0173489 0.0613403 20.874 154.289 
8.96 -0.017452 0.0609924 20.8325 154.706 
8.98 -0.0175555 0.0606425 20.7906 155.122 
9 -0.0176595 0.0602906 20.7483 155.537 
9.02 -0.017764 0.0599365 20.7056 155.952 
9.04 -0.017869 0.0595804 20.6625 156.366 
9.06 -0.0179744 0.0592221 20.6191 156.779 
9.08 -0.0180803 0.0588617 20.5753 157.191 
9.1 -0.0181865 0.0584992 20.5311 157.602 
9.12 -0.0182932 0.0581346 20.4865 158.012 
9.14 -0.0184003 0.0577679 20.4415 158.421 
9.16 -0.0185078 0.057399 20.3961 158.83 
9.18 -0.0186156 0.0570279 20.3503 159.237 
9.2 -0.0187238 0.0566547 20.3041 159.644 
9.22 -0.0188323 0.0562793 20.2575 160.05 
9.24 -0.0189412 0.0559018 20.2106 160.455 
9.26 -0.0190503 0.0555221 20.1632 160.858 
9.28 -0.0191598 0.0551401 20.1155 161.261 
9.3 -0.0192696 0.054756 20.0673 161.663 
9.32 -0.0193796 0.0543697 20.0187 162.064 
9.34 -0.0194899 0.0539812 19.9698 162.464 
9.36 -0.0196004 0.0535905 19.9204 162.863 
9.38 -0.0197112 0.0531976 19.8706 163.261 
9.4 -0.0198222 0.0528024 19.8204 163.658 
9.42 -0.0199335 0.0524051 19.7698 164.054 
9.44 -0.0200449 0.0520055 19.7188 164.449 
9.46 -0.0201565 0.0516036 19.6674 164.843 
9.48 -0.0202683 0.0511996 19.6156 165.236 
9.5 -0.0203802 0.0507933 19.5633 165.628 
9.52 -0.0204924 0.0503848 19.5107 166.019 
9.54 -0.0206046 0.049974 19.4576 166.408 
9.56 -0.020717 0.049561 19.4041 166.797 
9.58 -0.0208295 0.0491457 19.3502 167.185 
9.6 -0.0209422 0.0487282 19.2959 167.571 
9.62 -0.0210549 0.0483084 19.2411 167.957 
9.64 -0.0211678 0.0478863 19.186 168.341 
9.66 -0.0212807 0.047462 19.1304 168.724 
9.68 -0.0213937 0.0470355 19.0744 169.106 
9.7 -0.0215067 0.0466067 19.0179 169.487 
9.72 -0.0216198 0.0461756 18.961 169.867 
9.74 -0.021733 0.0457423 18.9037 170.246 
9.76 -0.0218461 0.0453067 18.846 170.624 
9.78 -0.0219594 0.0448688 18.7879 171 
9.8 -0.0220726 0.0444287 18.7293 171.375 
9.82 -0.0221858 0.0439863 18.6702 171.749 
9.84 -0.022299 0.0435416 18.6108 172.122 
9.86 -0.0224123 0.0430947 18.5509 172.494 
9.88 -0.0225255 0.0426455 18.4906 172.865 
9.9 -0.0226387 0.0421941 18.4298 173.234 
9.92 -0.0227518 0.0417404 18.3686 173.602 
9.94 -0.0228649 0.0412844 18.3069 173.969 
9.96 -0.022978 0.0408261 18.2448 174.334 
9.98 -0.023091 0.0403656 18.1823 174.699 
10 -0.023204 0.0399029 18.1193 175.062 
10.02 -0.0233168 0.0394379 18.0559 175.424 
10.04 -0.0234296 0.0389706 17.9921 175.784 
10.06 -0.0235424 0.0385011 17.9277 176.144 
10.08 -0.023655 0.0380293 17.863 176.502 
10.1 -0.0237675 0.0375553 17.7978 176.858 
10.12 -0.0238799 0.037079 17.7321 177.214 
10.14 -0.0239923 0.0366004 17.666 177.568 
10.16 -0.0241045 0.0361197 17.5995 177.921 
10.18 -0.0242166 0.0356366 17.5324 178.272 
10.2 -0.0243285 0.0351514 17.465 178.622 
10.22 -0.0244404 0.0346639 17.3971 178.971 
10.24 -0.0245521 0.0341741 17.3287 179.318 
10.26 -0.0246636 0.0336822 17.2599 179.664 
10.28 -0.0247751 0.033188 17.1906 180.009 
10.3 -0.0248863 0.0326916 17.1208 180.352 
10.32 -0.0249974 0.0321929 17.0506 180.694 
10.34 -0.0251084 0.031692 16.9799 181.034 
10.36 -0.0252192 0.0311889 16.9088 181.373 
10.38 -0.0253298 0.0306836 16.8372 181.711 
10.4 -0.0254402 0.0301761 16.7652 182.047 
10.42 -0.0255505 0.0296664 16.6927 182.382 
10.44 -0.0256606 0.0291545 16.6197 182.715 
10.46 -0.0257705 0.0286404 16.5462 183.047 
10.48 -0.0258802 0.028124 16.4723 183.377 
10.5 -0.0259898 0.0276055 16.398 183.706 
10.52 -0.0260991 0.0270848 16.3231 184.033 
10.54 -0.0262083 0.0265619 16.2478 184.359 
10.56 -0.0263172 0.0260369 16.172 184.684 
10.58 -0.026426 0.0255096 16.0958 185.006 
10.6 -0.0265345 0.0249802 16.0191 185.328 
10.62 -0.0266429 0.0244486 15.9419 185.647 
10.64 -0.026751 0.0239148 15.8642 185.966 
10.66 -0.0268589 0.0233789 15.7861 186.282 
10.68 -0.0269666 0.0228409 15.7075 186.597 
10.7 -0.0270741 0.0223006 15.6284 186.911 
10.72 -0.0271814 0.0217583 15.5488 187.223 
10.74 -0.0272885 0.0212137 15.4688 187.533 
10.76 -0.0273953 0.0206671 15.3883 187.842 
10.78 -0.0275019 0.0201183 15.3073 188.149 
10.8 -0.0276083 0.0195674 15.2259 188.454 
10.82 -0.0277145 0.0190143 15.1439 188.758 
10.84 -0.0278205 0.0184592 15.0615 189.06 
10.86 -0.0279262 0.0179019 14.9786 189.361 
10.88 -0.0280317 0.0173425 14.8953 189.66 
10.9 -0.028137 0.016781 14.8114 189.957 
10.92 -0.028242 0.0162173 14.7271 190.252 
10.94 -0.0283468 0.0156516 14.6423 190.546 
10.96 -0.0284514 0.0150838 14.557 190.838 
10.98 -0.0285558 0.0145139 14.4713 191.129 
11 -0.0286599 0.013942 14.385 191.417 
11.02 -0.0287638 0.0133679 14.2983 191.704 
11.04 -0.0288675 0.0127918 14.2111 191.99 
11.06 -0.0289709 0.0122135 14.1234 192.273 
11.08 -0.0290741 0.0116333 14.0352 192.555 
11.1 -0.0291771 0.0110509 13.9466 192.835 
11.12 -0.0292799 0.0104665 13.8574 193.113 
11.14 -0.0293824 0.00988009 13.7678 193.389 
11.16 -0.0294847 0.00929159 13.6777 193.664 
11.18 -0.0295868 0.00870105 13.5871 193.937 
11.2 -0.0296886 0.00810846 13.496 194.208 
11.22 -0.0297902 0.00751385 13.4044 194.477 
11.24 -0.0298916 0.0069172 13.3124 194.744 
11.26 -0.0299928 0.00631853 13.2199 195.01 
11.28 -0.0300938 0.00571783 13.1268 195.273 
11.3 -0.0301945 0.00511512 13.0333 195.535 
11.32 -0.030295 0.0045104 12.9393 195.795 
11.34 -0.0303953 0.00390367 12.8449 196.053 
11.36 -0.0304953 0.00329493 12.7499 196.309 
11.38 -0.0305952 0.00268419 12.6544 196.563 
11.4 -0.0306948 0.00207146 12.5585 196.816 
11.42 -0.0307942 0.00145674 12.4621 197.066 
11.44 -0.0308934 0.000840033 12.3651 197.315 
11.46 -0.0309924 0.000221342 12.2677 197.561 
11.48 -0.0310912 -0.000399326 12.1698 197.806 
11.5 -0.0311898 -0.00102197 12.0715 198.048 
11.52 -0.0312881 -0.00164658 11.9726 198.289 
11.54 -0.0313863 -0.00227316 11.8732 198.527 
11.56 -0.0314842 -0.0029017 11.7734 198.764 
11.58 -0.031582 -0.00353219 11.6731 198.999 
11.6 -0.0316795 -0.00416464 11.5722 199.231 
11.62 -0.0317769 -0.00479904 11.4709 199.462 
11.64 -0.0318741 -0.00543539 11.3691 199.69 
11.66 -0.031971 -0.00607367 11.2668 199.917 
11.68 -0.0320678 -0.0067139 11.1641 200.141 
11.7 -0.0321644 -0.00735605 11.0608 200.364 
11.72 -0.0322608 -0.00800014 10.957 200.584 
11.74 -0.032357 -0.00864616 10.8528 200.802 
11.76 -0.032453 -0.00929409 10.7481 201.019 
11.78 -0.0325488 -0.00994395 10.6428 201.233 
11.8 -0.0326445 -0.0105957 10.5371 201.445 
11.82 -0.03274 -0.0112494 10.4309 201.655 
11.84 -0.0328353 -0.011905 10.3242 201.862 
11.86 -0.0329305 -0.0125625 10.2171 202.068 
11.88 -0.0330254 -0.0132219 10.1094 202.271 
11.9 -0.0331202 -0.0138832 10.0012 202.473 
11.92 -0.0332149 -0.0145464 9.89259 202.672 
11.94 -0.0333093 -0.0152115 9.78346 202.869 
11.96 -0.0334037 -0.0158784 9.67383 203.063 
11.98 -0.0334978 -0.0165473 9.56372 203.256 
12 -0.0335918 -0.017218 9.45312 203.446 
12.02 -0.0336857 -0.0178906 9.34203 203.634 
12.04 -0.0337794 -0.0185651 9.23045 203.82 
12.06 -0.0338729 -0.0192415 9.11838 204.004 
12.08 -0.0339663 -0.0199197 9.00582 204.185 
12.1 -0.0340596 -0.0205998 8.89277 204.365 
12.12 -0.0341527 -0.0212818 8.77924 204.542 
12.14 -0.0342457 -0.0219656 8.66522 204.716 
12.16 -0.0343385 -0.0226513 8.55071 204.889 
12.18 -0.0344312 -0.0233388 8.43571 205.059 
12.2 -0.0345238 -0.0240282 8.32022 205.226 
12.22 -0.0346163 -0.0247195 8.20425 205.392 
12.24 -0.0347086 -0.0254126 8.08778 205.555 
12.26 -0.0348008 -0.0261075 7.97083 205.716 
12.28 -0.0348929 -0.0268043 7.8534 205.874 
12.3 -0.0349848 -0.0275029 7.73547 206.03 
12.32 -0.0350767 -0.0282034 7.61706 206.184 
12.34 -0.0351684 -0.0289057 7.49816 206.335 
12.36 -0.0352601 -0.0296098 7.37877 206.484 
12.38 -0.0353516 -0.0303157 7.2589 206.631 
12.4 -0.035443 -0.0310235 7.13854 206.775 
12.42 -0.0355343 -0.0317332 7.01769 206.917 
12.44 -0.0356255 -0.0324446 6.89635 207.056 
12.46 -0.0357166 -0.0331579 6.77453 207.193 
12.48 -0.0358077 -0.033873 6.65223 207.328 
12.5 -0.0358986 -0.0345899 6.52944 207.46 
12.52 -0.0359894 -0.0353086 6.40616 207.589 
12.54 -0.0360802 -0.0360291 6.2824 207.716 
12.56 -0.0361708 -0.0367515 6.15815 207.841 
12.58 -0.0362614 -0.0374756 6.03341 207.963 
12.6 -0.0363519 -0.0382016 5.90819 208.083 
12.62 -0.0364423 -0.0389294 5.78249 208.2 
12.64 -0.0365327 -0.039659 5.6563 208.314 
12.66 -0.0366229 -0.0403904 5.52962 208.426 
12.68 -0.0367131 -0.0411236 5.40247 208.536 
12.7 -0.0368033 -0.0418586 5.27482 208.643 
12.72 -0.0368933 -0.0425954 5.1467 208.747 
12.74 -0.0369833 -0.0433341 5.01809 208.849 
12.76 -0.0370733 -0.0440745 4.88899 208.948 
12.78 -0.0371631 -0.0448167 4.75941 209.045 
12.8 -0.037253 -0.0455607 4.62935 209.139 
12.82 -0.0373427 -0.0463065 4.49881 209.231 
12.84 -0.0374324 -0.0470541 4.36778 209.32 
12.86 -0.0375221 -0.0478035 4.23627 209.406 
12.88 -0.0376117 -0.0485547 4.10428 209.49 
12.9 -0.0377013 -0.0493077 3.9718 209.571 
12.92 -0.0377908 -0.0500624 3.83885 209.649 
12.94 -0.0378803 -0.050819 3.70541 209.724 
12.96 -0.0379697 -0.0515773 3.57148 209.797 
12.98 -0.0380591 -0.0523375 3.43708 209.868 
13 -0.0381485 -0.0530994 3.3022 209.935 
13.02 -0.0382378 -0.0538631 3.16683 210 
13.04 -0.0383271 -0.0546286 3.03099 210.063 
13.06 -0.0384164 -0.0553959 2.89466 210.122 
13.08 -0.0385056 -0.0561649 2.75785 210.179 
13.1 -0.0385948 -0.0569358 2.62056 210.233 
13.12 -0.038684 -0.0577084 2.48279 210.284 
13.14 -0.0387731 -0.0584828 2.34454 210.333 
13.16 -0.0388623 -0.0592591 2.20581 210.378 
13.18 -0.0389514 -0.060037 2.0666 210.421 
13.2 -0.0390405 -0.0608168 1.92692 210.461 
13.22 -0.0391296 -0.0615984 1.78675 210.499 
13.24 -0.0392187 -0.0623817 1.6461 210.533 
13.26 -0.0393077 -0.0631668 1.50497 210.565 
13.28 -0.0393968 -0.0639537 1.36337 210.594 
13.3 -0.0394858 -0.0647424 1.22129 210.62 
13.32 -0.0395748 -0.0655328 1.07872 210.643 
13.34 -0.0396639 -0.0663251 0.935684 210.664 
13.36 -0.0397529 -0.0671191 0.792166 210.681 
13.38 -0.0398419 -0.0679149 0.648169 210.696 
13.4 -0.0399309 -0.0687124 0.503695 210.708 
13.42 -0.0400199 -0.0695118 0.358744 210.717 
13.44 -0.0401089 -0.0703129 0.213315 210.722 
13.46 -0.0401979 -0.0711159 0.0674086 210.726 
13.48 -0.040287 -0.0719205 -0.0789746 210.726 
13.5 -0.040376 -0.072727 -0.225835 210.723 
13.52 -0.040465 -0.0735353 -0.373172 210.717 
13.54 -0.0405541 -0.0743453 -0.520985 210.708 
13.56 -0.0406431 -0.0751571 -0.669275 210.697 
13.58 -0.0407322 -0.0759707 -0.818041 210.682 
13.6 -0.0408212 -0.0767861 -0.967283 210.665 
13.62 -0.0409103 -0.0776033 -1.117 210.644 
13.64 -0.0409994 -0.0784222 -1.26719 210.62 
13.66 -0.0410885 -0.079243 -1.41786 210.594 
13.68 -0.0411776 -0.0800655 -1.56901 210.564 
13.7 -0.0412668 -0.0808898 -1.72063 210.531 
13.72 -0.0413559 -0.0817158 -1.87272 210.496 
13.74 -0.0414451 -0.0825437 -2.02529 210.457 
13.76 -0.0415343 -0.0833733 -2.17834 210.415 
13.78 -0.0416235 -0.0842048 -2.33186 210.37 
13.8 -0.0417128 -0.085038 -2.48585 210.323 
13.82 -0.0418021 -0.085873 -2.64032 210.272 
13.84 -0.0418913 -0.0867098 -2.79526 210.217 
13.86 -0.0419807 -0.0875483 -2.95068 210.16 
13.88 -0.04207 -0.0883887 -3.10657 210.1 
13.9 -0.0421594 -0.0892308 -3.26294 210.036 
13.92 -0.0422488 -0.0900748 -3.41978 209.97 
13.94 -0.0423382 -0.0909205 -3.57709 209.9 
13.96 -0.0424276 -0.091768 -3.73487 209.827 
13.98 -0.0425171 -0.0926173 -3.89313 209.751 
14 -0.0426066 -0.0934684 -4.05187 209.672 
14.02 -0.0426961 -0.0943212 -4.21107 209.59 
14.04 -0.0427857 -0.0951759 -4.37075 209.504 
14.06 -0.0428753 -0.0960324 -4.5309 209.415 
14.08 -0.0429649 -0.0968906 -4.69152 209.324 
14.1 -0.0430546 -0.0977506 -4.85262 209.228 
14.12 -0.0431443 -0.0986125 -5.01419 209.13 
14.14 -0.043234 -0.0994761 -5.17623 209.028 
14.16 -0.0433238 -0.100342 -5.33875 208.923 
14.18 -0.0434136 -0.101209 -5.50173 208.815 
14.2 -0.0435034 -0.102078 -5.66519 208.704 
14.22 -0.0435933 -0.102949 -5.82912 208.589 
14.24 -0.0436832 -0.103821 -5.99352 208.471 
14.26 -0.0437731 -0.104696 -6.1584 208.35 
14.28 -0.0438631 -0.105572 -6.32374 208.226 
14.3 -0.0439531 -0.10645 -6.48956 208.098 
14.32 -0.0440432 -0.10733 -6.65585 207.966 
14.34 -0.0441333 -0.108211 -6.82261 207.832 
14.36 -0.0442234 -0.109095 -6.98984 207.694 
14.38 -0.0443136 -0.10998 -7.15755 207.553 
14.4 -0.0444038 -0.110867 -7.32572 207.408 
14.42 -0.044494 -0.111756 -7.49437 207.26 
14.44 -0.0445843 -0.112646 -7.66348 207.109 
14.46 -0.0446746 -0.113539 -7.83307 206.954 
14.48 -0.044765 -0.114433 -8.00313 206.796 
14.5 -0.0448554 -0.115329 -8.17366 206.635 
14.52 -0.0449458 -0.116227 -8.34466 206.47 
14.54 -0.0450363 -0.117127 -8.51613 206.302 
14.56 -0.0451268 -0.118028 -8.68808 206.13 
14.58 -0.0452173 -0.118931 -8.86049 205.955 
14.6 -0.0453079 -0.119836 -9.03337 205.776 
14.62 -0.0453986 -0.120743 -9.20673 205.594 
14.64 -0.0454892 -0.121652 -9.38055 205.408 
14.66 -0.04558 -0.122563 -9.55485 205.219 
14.68 -0.0456707 -0.123475 -9.72961 205.027 
14.7 -0.0457615 -0.124389 -9.90485 204.831 
14.72 -0.0458523 -0.125305 -10.0806 204.631 
14.74 -0.0459432 -0.126223 -10.2567 204.428 
14.76 -0.0460341 -0.127143 -10.4334 204.221 
14.78 -0.0461251 -0.128064 -10.6105 204.011 
14.8 -0.046216 -0.128987 -10.7881 203.798 
14.82 -0.0463071 -0.129912 -10.9661 203.58 
14.84 -0.0463981 -0.130839 -11.1447 203.36 
14.86 -0.0464892 -0.131768 -11.3237 203.135 
14.88 -0.0465804 -0.132698 -11.5031 202.907 
14.9 -0.0466716 -0.133631 -11.6831 202.676 
14.92 -0.0467628 -0.134565 -11.8635 202.441 
14.94 -0.046854 -0.135501 -12.0444 202.202 
14.96 -0.0469453 -0.136439 -12.2257 201.959 
14.98 -0.0470367 -0.137379 -12.4075 201.713 
15 -0.047128 -0.13832 -12.5898 201.464 
15.02 -0.0472194 -0.139263 -12.7726 201.21 
15.04 -0.0473109 -0.140209 -12.9558 200.953 
15.06 -0.0474024 -0.141155 -13.1395 200.693 
15.08 -0.0474939 -0.142104 -13.3236 200.428 
15.1 -0.0475854 -0.143055 -13.5083 200.16 
15.12 -0.047677 -0.144007 -13.6934 199.889 
15.14 -0.0477687 -0.144962 -13.879 199.613 
15.16 -0.0478603 -0.145918 -14.065 199.334 
15.18 -0.047952 -0.146876 -14.2515 199.051 
15.2 -0.0480437 -0.147836 -14.4385 198.765 
15.22 -0.0481355 -0.148797 -14.626 198.474 
15.24 -0.0482273 -0.149761 -14.8139 198.18 
15.26 -0.0483191 -0.150726 -15.0023 197.882 
15.28 -0.048411 -0.151693 -15.1912 197.581 
15.3 -0.0485029 -0.152662 -15.3805 197.275 
15.32 -0.0485948 -0.153633 -15.5703 196.966 
15.34 -0.0486868 -0.154606 -15.7606 196.653 
15.36 -0.0487788 -0.15558 -15.9513 196.336 
15.38 -0.0488708 -0.156556 -16.1425 196.016 
15.4 -0.0489629 -0.157535 -16.3342 195.691 
15.42 -0.049055 -0.158515 -16.5264 195.363 
15.44 -0.0491471 -0.159497 -16.719 195.031 
15.46 -0.0492392 -0.16048 -16.9121 194.695 
15.48 -0.0493314 -0.161466 -17.1056 194.355 
15.5 -0.0494236 -0.162453 -17.2997 194.011 
15.52 -0.0495159 -0.163442 -17.4942 193.664 
15.54 -0.0496081 -0.164434 -17.6891 193.312 
15.56 -0.0497004 -0.165426 -17.8846 192.957 
15.58 -0.0497928 -0.166421 -18.0805 192.598 
15.6 -0.0498851 -0.167418 -18.2769 192.234 
15.62 -0.0499775 -0.168416 -18.4737 191.867 
15.64 -0.0500699 -0.169417 -18.6711 191.496 
15.66 -0.0501623 -0.170419 -18.8688 191.121 
15.68 -0.0502548 -0.171423 -19.0671 190.742 
15.7 -0.0503472 -0.172429 -19.2658 190.359 
15.72 -0.0504398 -0.173436 -19.465 189.972 
15.74 -0.0505323 -0.174446 -19.6647 189.581 
15.76 -0.0506248 -0.175457 -19.8649 189.186 
15.78 -0.0507174 -0.176471 -20.0655 188.787 
15.8 -0.05081 -0.177486 -20.2666 188.384 
15.82 -0.0509026 -0.178503 -20.4681 187.977 
15.84 -0.0509953 -0.179522 -20.6701 187.566 
15.86 -0.051088 -0.180542 -20.8726 187.151 
15.88 -0.0511806 -0.181565 -21.0756 186.732 
15.9 -0.0512734 -0.182589 -21.279 186.309 
15.92 -0.0513661 -0.183615 -21.4829 185.881 
15.94 -0.0514588 -0.184643 -21.6873 185.45 
15.96 -0.0515516 -0.185673 -21.8922 185.014 
15.98 -0.0516444 -0.186705 -22.0975 184.575 
16 -0.0517372 -0.187739 -22.3033 184.131 
16.02 -0.05183 -0.188774 -22.5095 183.683 
16.04 -0.0519229 -0.189812 -22.7163 183.232 
16.06 -0.0520157 -0.190851 -22.9235 182.775 
16.08 -0.0521086 -0.191892 -23.1311 182.315 
16.1 -0.0522015 -0.192935 -23.3393 181.851 
16.12 -0.0522944 -0.19398 -23.5479 181.382 
16.14 -0.0523874 -0.195026 -23.757 180.91 
16.16 -0.0524803 -0.196075 -23.9665 180.433 
16.18 -0.0525733 -0.197125 -24.1766 179.952 
16.2 -0.0526662 -0.198178 -24.387 179.466 
16.22 -0.0527592 -0.199232 -24.598 178.977 
16.24 -0.0528522 -0.200288 -24.8095 178.483 
16.26 -0.0529453 -0.201345 -25.0214 177.985 
16.28 -0.0530383 -0.202405 -25.2337 177.483 
16.3 -0.0531313 -0.203467 -25.4466 176.977 
16.32 -0.0532244 -0.20453 -25.6599 176.466 
16.34 -0.0533175 -0.205595 -25.8737 175.951 
16.36 -0.0534105 -0.206662 -26.088 175.432 
16.38 -0.0535036 -0.207731 -26.3027 174.908 
16.4 -0.0535967 -0.208802 -26.5179 174.38 
16.42 -0.0536898 -0.209875 -26.7336 173.848 
16.44 -0.053783 -0.21095 -26.9498 173.312 
16.46 -0.0538761 -0.212026 -27.1664 172.771 
16.48 -0.0539692 -0.213104 -27.3835 172.226 
16.5 -0.0540624 -0.214184 -27.601 171.676 
16.52 -0.0541555 -0.215266 -27.8191 171.122 
16.54 -0.0542487 -0.21635 -28.0376 170.564 
16.56 -0.0543419 -0.217436 -28.2566 170.002 
16.58 -0.0544351 -0.218524 -28.476 169.435 
16.6 -0.0545282 -0.219613 -28.6959 168.863 
16.62 -0.0546214 -0.220705 -28.9163 168.288 
16.64 -0.0547146 -0.221798 -29.1372 167.707 
16.66 -0.0548079 -0.222893 -29.3586 167.123 
16.68 -0.0549011 -0.22399 -29.5804 166.534 
16.7 -0.0549943 -0.225088 -29.8027 165.94 
16.72 -0.0550875 -0.226189 -30.0254 165.342 
16.74 -0.0551807 -0.227292 -30.2486 164.74 
16.76 -0.055274 -0.228396 -30.4723 164.133 
16.78 -0.0553672 -0.229502 -30.6965 163.522 
16.8 -0.0554605 -0.23061 -30.9212 162.906 
16.82 -0.0555537 -0.23172 -31.1463 162.286 
16.84 -0.055647 -0.232832 -31.3719 161.661 
16.86 -0.0557402 -0.233946 -31.5979 161.032 
16.88 -0.0558335 -0.235062 -31.8245 160.398 
16.9 -0.0559267 -0.236179 -32.0515 159.759 
16.92 -0.05602 -0.237298 -32.2789 159.116 
16.94 -0.0561133 -0.238419 -32.5069 158.469 
16.96 -0.0562065 -0.239543 -32.7353 157.817 
16.98 -0.0562998 -0.240667 -32.9642 157.16 
17 -0.0563931 -0.241794 -33.1936 156.499 
17.02 -0.0564863 -0.242923 -33.4234 155.833 
17.04 -0.0565796 -0.244053 -33.6538 155.163 
17.06 -0.0566729 -0.245186 -33.8845 154.488 
17.08 -0.0567661 -0.24632 -34.1158 153.808 
17.1 -0.0568594 -0.247456 -34.3475 153.124 
17.12 -0.0569527 -0.248594 -34.5797 152.435 
17.14 -0.0570459 -0.249734 -34.8124 151.742 
17.16 -0.0571392 -0.250876 -35.0456 151.044 
17.18 -0.0572325 -0.252019 -35.2792 150.341 
17.2 -0.0573258 -0.253164 -35.5133 149.633 
17.22 -0.057419 -0.254312 -35.7479 148.921 
17.24 -0.0575123 -0.255461 -35.9829 148.204 
17.26 -0.0576055 -0.256612 -36.2184 147.482 
17.28 -0.0576988 -0.257765 -36.4544 146.756 
17.3 -0.0577921 -0.25892 -36.6909 146.025 
17.32 -0.0578853 -0.260076 -36.9278 145.289 
17.34 -0.0579786 -0.261235 -37.1652 144.549 
17.36 -0.0580718 -0.262395 -37.4031 143.803 
17.38 -0.0581651 -0.263557 -37.6415 143.053 
17.4 -0.0582583 -0.264721 -37.8803 142.299 
17.42 -0.0583516 -0.265887 -38.1196 141.539 
17.44 -0.0584448 -0.267055 -38.3594 140.775 
17.46 -0.058538 -0.268225 -38.5996 140.005 
17.48 -0.0586313 -0.269396 -38.8404 139.231 
17.5 -0.0587245 -0.27057 -39.0816 138.453 
17.52 -0.0588177 -0.271745 -39.3232 137.669 
17.54 -0.058911 -0.272922 -39.5654 136.88 
17.56 -0.0590042 -0.274101 -39.808 136.087 
17.58 -0.0590974 -0.275282 -40.0511 135.289 
17.6 -0.0591906 -0.276465 -40.2947 134.486 
17.62 -0.0592838 -0.277649 -40.5387 133.678 
17.64 -0.059377 -0.278836 -40.7832 132.865 
17.66 -0.0594702 -0.280024 -41.0282 132.047 
17.68 -0.0595634 -0.281214 -41.2737 131.225 
17.7 -0.0596566 -0.282406 -41.5196 130.397 
17.72 -0.0597497 -0.2836 -41.766 129.565 
17.74 -0.0598429 -0.284796 -42.0129 128.727 
17.76 -0.0599361 -0.285994 -42.2602 127.885 
17.78 -0.0600293 -0.287193 -42.5081 127.038 
17.8 -0.0601224 -0.288394 -42.7564 126.186 
17.82 -0.0602156 -0.289598 -43.0052 125.328 
17.84 -0.0603087 -0.290803 -43.2544 124.466 
17.86 -0.0604019 -0.29201 -43.5041 123.599 
17.88 -0.060495 -0.293218 -43.7543 122.727 
17.9 -0.0605881 -0.294429 -44.005 121.85 
17.92 -0.0606813 -0.295642 -44.2562 120.968 
17.94 -0.0607744 -0.296856 -44.5078 120.08 
17.96 -0.0608675 -0.298072 -44.7599 119.188 
17.98 -0.0609606 -0.29929 -45.0124 118.291 
18 -0.0610537 -0.30051 -45.2655 117.388 
18.02 -0.0611468 -0.301732 -45.519 116.481 
18.04 -0.0612399 -0.302956 -45.773 115.568 
18.06 -0.061333 -0.304182 -46.0275 114.651 
18.08 -0.061426 -0.305409 -46.2824 113.728 
18.1 -0.0615191 -0.306638 -46.5378 112.8 
18.12 -0.0616122 -0.307869 -46.7937 111.868 
18.14 -0.0617052 -0.309102 -47.0501 110.93 
18.16 -0.0617983 -0.310337 -47.3069 109.986 
18.18 -0.0618913 -0.311574 -47.5642 109.038 
18.2 -0.0619844 -0.312813 -47.822 108.085 
18.22 -0.0620774 -0.314053 -48.0803 107.126 
18.24 -0.0621704 -0.315295 -48.339 106.162 
18.26 -0.0622634 -0.31654 -48.5982 105.193 
18.28 -0.0623565 -0.317786 -48.8579 104.219 
18.3 -0.0624495 -0.319034 -49.1181 103.24 
18.32 -0.0625425 -0.320283 -49.3787 102.255 
18.34 -0.0626355 -0.321535 -49.6398 101.266 
18.36 -0.0627284 -0.322788 -49.9014 100.271 
18.38 -0.0628214 -0.324044 -50.1635 99.2705 
18.4 -0.0629144 -0.325301 -50.426 98.265 
18.42 -0.0630074 -0.32656 -50.689 97.2543 
18.44 -0.0631003 -0.327821 -50.9525 96.2383 
18.46 -0.0631933 -0.329084 -51.2164 95.2171 
18.48 -0.0632862 -0.330348 -51.4809 94.1905 
18.5 -0.0633792 -0.331615 -51.7458 93.1587 
18.52 -0.0634721 -0.332883 -52.0111 92.1216 
18.54 -0.063565 -0.334153 -52.277 91.0792 
18.56 -0.063658 -0.335425 -52.5433 90.0314 
18.58 -0.0637509 -0.336699 -52.8101 88.9783 
18.6 -0.0638438 -0.337975 -53.0774 87.9199 
18.62 -0.0639367 -0.339253 -53.3452 86.8561 
18.64 -0.0640296 -0.340532 -53.6134 85.787 
18.66 -0.0641225 -0.341814 -53.8821 84.7125 
18.68 -0.0642154 -0.343097 -54.1513 83.6326 
18.7 -0.0643082 -0.344382 -54.4209 82.5473 
18.72 -0.0644011 -0.345669 -54.691 81.4566 
18.74 -0.064494 -0.346958 -54.9616 80.3606 
18.76 -0.0645868 -0.348248 -55.2327 79.2591 
18.78 -0.0646797 -0.349541 -55.5043 78.1521 
18.8 -0.0647726 -0.350835 -55.7763 77.0398 
18.82 -0.0648654 -0.352131 -56.0488 75.922 
18.84 -0.0649582 -0.35343 -56.3217 74.7987 
18.86 -0.0650511 -0.354729 -56.5952 73.67 
18.88 -0.0651439 -0.356031 -56.8691 72.5359 
18.9 -0.0652367 -0.357335 -57.1435 71.3962 
18.92 -0.0653295 -0.35864 -57.4184 70.251 
18.94 -0.0654223 -0.359948 -57.6937 69.1004 
18.96 -0.0655151 -0.361257 -57.9696 67.9442 
18.98 -0.0656079 -0.362568 -58.2458 66.7825 
19 -0.0657007 -0.363881 -58.5226 65.6153 
19.02 -0.0657935 -0.365196 -58.7999 64.4425 
19.04 -0.0658863 -0.366512 -59.0776 63.2642 
19.06 -0.0659791 -0.367831 -59.3558 62.0803 
19.08 -0.0660718 -0.369151 -59.6344 60.8909 
19.1 -0.0661646 -0.370473 -59.9136 59.6959 
19.12 -0.0662574 -0.371798 -60.1932 58.4953 
19.14 -0.0663501 -0.373123 -60.4733 57.2891 
19.16 -0.0664429 -0.374451 -60.7539 56.0773 
19.18 -0.0665356 -0.375781 -61.0349 54.8599 
19.2 -0.0666284 -0.377112 -61.3164 53.6368 
19.22 -0.0667211 -0.378446 -61.5984 52.4081 
19.24 -0.0668138 -0.379781 -61.8809 51.1738 
19.26 -0.0669065 -0.381118 -62.1638 49.9338 
19.28 -0.0669993 -0.382457 -62.4473 48.6882 
19.3 -0.067092 -0.383798 -62.7311 47.4369 
19.32 -0.0671847 -0.38514 -63.0155 46.1799 
19.34 -0.0672774 -0.386485 -63.3003 44.9172 
19.36 -0.0673701 -0.387831 -63.5857 43.6488 
19.38 -0.0674628 -0.389179 -63.8715 42.3747 
19.4 -0.0675555 -0.390529 -64.1577 41.0949 
19.42 -0.0676482 -0.391881 -64.4445 39.8094 
19.44 -0.0677409 -0.393235 -64.7317 38.5181 
19.46 -0.0678335 -0.39459 -65.0194 37.2211 
19.48 -0.0679262 -0.395948 -65.3075 35.9183 
19.5 -0.0680189 -0.397307 -65.5962 34.6097 
19.52 -0.0681116 -0.398668 -65.8853 33.2954 
19.54 -0.0682042 -0.400031 -66.1749 31.9753 
19.56 -0.0682969 -0.401396 -66.4649 30.6494 
19.58 -0.0683895 -0.402763 -66.7555 29.3176 
19.6 -0.0684822 -0.404131 -67.0465 27.9801 
19.62 -0.0685748 -0.405502 -67.338 26.6367 
19.64 -0.0686675 -0.406874 -67.6299 25.2876 
19.66 -0.0687601 -0.408248 -67.9224 23.9325 
19.68 -0.0688528 -0.409624 -68.2153 22.5716 
19.7 -0.0689454 -0.411002 -68.5087 21.2049 
19.72 -0.069038 -0.412382 -68.8025 19.8323 
19.74 -0.0691307 -0.413763 -69.0969 18.4538 
19.76 -0.0692233 -0.415147 -69.3917 17.0694 
19.78 -0.0693159 -0.416532 -69.687 15.6791 
19.8 -0.0694085 -0.417919 -69.9827 14.2829 
19.82 -0.0695011 -0.419308 -70.2789 12.8807 
19.84 -0.0695937 -0.420699 -70.5757 11.4727 
19.86 -0.0696863 -0.422091 -70.8728 10.0587 
19.88 -0.069779 -0.423486 -71.1705 8.63876 
19.9 -0.0698716 -0.424882 -71.4686 7.21287 
19.92 -0.0699642 -0.42628 -71.7672 5.78101 
19.94 -0.0700568 -0.42768 -72.0663 4.34317 
19.96 -0.0701493 -0.429082 -72.3659 2.89935 
19.98 -0.0702419 -0.430486 -72.6659 1.44953 
20 -0.0703345 -0.431892 -72.9664 -0.00628869 
